0  0  0   1.72886320258079e-03
1  0  0  -1.21858178822598e-04
2  0  0   1.67081701618698e-06
3  0  0  -1.82132338602506e-08
4  0  0   2.08375932596956e-10
5  0  0  -5.92383832161476e-13
0  1  0   5.63276632943806e-05
0  2  0   6.09638766904533e-06
0  3  0  -4.51268494916844e-08
0  4  0  -1.97931343751722e-10
0  5  0   2.95663675072079e-12
0  0  1  -7.02641870624029e-06
0  0  2   1.92135068222629e-08
0  0  3  -1.29653133887140e-10
0  0  4   4.11059537966952e-13
1  1  0  -2.49392233621455e-06
1  2  0  -9.62319001099682e-09
1  3  0   5.86469851699965e-10
1  0  1   2.18181678225547e-07
1  0  2  -9.00684124316313e-10
2  1  0   6.49755143714216e-08
2  2  0  -4.13531533668102e-10
2  0  1  -6.65538466185676e-09
2  0  2   3.57026521568297e-11
3  1  0  -4.43770337853112e-10
3  0  1   5.70012224418641e-11
0  1  1  -1.89066465451648e-07
0  2  1  -5.37894541783063e-10
0  3  1   3.76638520853759e-11
0  1  2  -4.38133555238260e-10
0  2  2  -1.03714658043697e-11
0  1  3   2.03157297960307e-12
1  1  1   6.86498822005952e-09
1  2  1  -3.75330880373801e-11
1  1  2   6.15579294272185e-11
2  1  1  -3.98779038202535e-11
0  0  0   0.00000000000000e+00
0  0  0   0.00000000000000e+00
0  0  0   0.00000000000000e+00
0  0  0   0.00000000000000e+00
0  0  0   0.00000000000000e+00
0  0  0   0.00000000000000e+00
0  0  0   0.00000000000000e+00
0  0  0   0.00000000000000e+00
0  0  0   0.00000000000000e+00
0  0  0   0.00000000000000e+00
0  0  0   0.00000000000000e+00
0  0  0   0.00000000000000e+00